0	流量	1570
1	中国移动	1241
2	2017	1148
3	10086	782
4	使用	752
5	MB	735
6	05	699
7	10010	593
8	剩余	583
9	时	537
10	查询	518
11	已	507
12	04	439
13	10	437
14	中国联通	430
15	回复	389
16	分	385
17	03	366
18	省内	361
19	国内	361
20	06	318
21	http	313
22	尊敬	308
23	套餐	291
24	移动	288
25	cn	279
26	09	257
27	手机	256
28	点击	247
29	服务	236
30	12	230
31	08	220
32	话费	218
33	客户	217
34	营业厅	209
35	办理	205
36	截止	204
37	缴费	197
38	温馨提示	193
39	登录	191
40	充值	186
41	11	185
42	本月	182
43	13	182
44	20	177
45	07	174
46	30	173
47	含	172
48	当月	169
49	M	167
50	15	166
51	流量包	165
52	业务	164
53	14	164
54	下载	163
55	28	161
56	24	160
57	用户	157
58	优惠	154
59	16	152
60	成功	151
61	数据	148
62	com	148
63	0.00	148
64	详情	142
65	17	142
66	22	141
67	进入	140
68	累计	140
69	分钟	139
70	19	137
71	微信	136
72	关注	135
73	年	131
74	21	131
75	23	130
76	号	129
77	包	129
78	02	126
79	及时	123
80	超出	122
81	公众	122
82	18	118
83	享受	117
84	wap	117
85	31	117
86	缴纳	116
87	上网	115
88	免费	113
89	交费	112
90	短信	111
91	01	111
92	订购	109
93	提醒	108
94	资费	105
95	1G	104
96	本地	103
97	27	103
98	29	102
99	通话	99
100	港澳台	97
101	密码	95
102	26	95
103	25	95
104	余额	92
105	4G	91
106	随时随地	88
107	00	87
108	消费	86
109	联通	85
110	提供	84
111	停机	83
112	费用	82
113	账户	81
114	拨打	81
115	情况	81
116	dx	81
117	夜间	77
118	50	76
119	额度	75
120	秒	74
121	活动	73
122	外	71
123	可用	70
124	建议您	69
125	话费余额	68
126	有效	67
127	www	67
128	透支	66
129	标准	66
130	客户端	65
131	即可	65
132	话费提醒	63
133	收取	63
134	影响	61
135	通信	59
136	使用费	58
137	领取	57
138	欠费	57
139	当日	56
140	35	56
141	完	54
142	验证码	53
143	开通	52
144	共计	52
145	流量提醒	51
146	后	51
147	6.88	51
148	已消费	50
149	1008611	50
150	安全	49
151	41	49
152	34	49
153	51	48
154	46	48
155	账户余额	47
156	语音	47
157	星级	47
158	时间	47
159	如需	47
160	40	47
161	32	47
162	包含	46
163	主叫	46
164	赠送	45
165	账单	45
166	生效	45
167	已用	45
168	666	45
169	58	45
170	33	45
171	随机码	44
172	调整	44
173	GB	44
174	54	44
175	频次	43
176	话费流量提醒	43
177	网上	43
178	小时	43
179	48	43
180	1GB	43
181	59	42
182	52	42
183	45	42
184	积分	41
185	加油	41
186	56	41
187	37	41
188	中国电信	40
189	10.00	40
190	金额	39
191	欢迎您	39
192	时长	39
193	57	39
194	44	39
195	39	39
196	0.0	39
197	正常	38
198	地址	38
199	53	38
200	500M	38
201	49	38
202	送	37
203	当前	37
204	取消	37
205	了解	37
206	1024.00	37
207	查	36
208	体验	36
209	支付	35
210	推荐	35
211	帐户	35
212	半年	35
213	为准	35
214	APP	35
215	47	35
216	36	35
217	畅通	34
218	满意	34
219	咨询	34
220	全国	34
221	自动	33
222	立即	33
223	现	33
224	每月	33
225	方式	33
226	已欠费	33
227	发送	33
228	55	33
229	首次	32
230	轻松	32
231	登陆	32
232	可用余额	32
233	https	32
234	700.00	32
235	43	32
236	38	32
237	剩	31
238	辽宁	30
239	结转	30
240	生活	30
241	查话费	30
242	具体	30
243	便捷	30
244	10001	30
245	结账	29
246	期待	29
247	号码	29
248	参与	29
249	仅供参考	29
250	app	29
251	G	29
252	42	29
253	3786.28	29
254	100M	29
255	电话	28
256	方便	28
257	修改	28
258	100	28
259	返还	27
260	直接	27
261	官方	27
262	安心	27
263	邮箱	26
264	避免	26
265	详情请	26
266	泄露	26
267	欢迎	26
268	即日起	26
269	查看	25
270	有效期	25
271	宽带	25
272	功能	25
273	交	25
274	中	25
275	qAa4V	25
276	309.72	25
277	1738.28	25
278	疑问请	24
279	点	24
280	日前	24
281	感谢您	24
282	忽略	24
283	信息	24
284	专区	24
285	下	24
286	10655888	24
287	0MB	24
288	通用	23
289	选择	23
290	退订	23
291	获得	23
292	网络	23
293	目前	23
294	次	23
295	本次	23
296	不足	23
297	上当受骗	23
298	600.00	23
299	189	23
300	获赠	22
301	折	22
302	以防	22
303	1.000	22
304	爱	21
305	浙江	21
306	快捷	21
307	告知	21
308	html	21
309	超值	20
310	获取	20
311	索取	20
312	注意	20
313	成员	20
314	咪咕	20
315	升级	20
316	公司	20
317	89.63	20
318	2GB	20
319	达到	19
320	评价	19
321	操作	19
322	手机号码	19
323	宣	19
324	国家	19
325	到期	19
326	享	19
327	三星级	19
328	2G	19
329	106589996700	19
330	领	18
331	需	18
332	进行	18
333	详询	18
334	腾讯	18
335	翼	18
336	客服	18
337	999.35	18
338	0.29	18
339	限制	17
340	贵州	17
341	账	17
342	请拨	17
343	简单	17
344	石榴	17
345	满就送	17
346	实时	17
347	内容	17
348	全球通	17
349	假日	17
350	300M	17
351	106589996400	17
352	飞享	16
353	省	16
354	爱看	16
355	沃	16
356	查收	16
357	月费	16
358	快速	16
359	如非	16
360	失效	16
361	回	16
362	可回复	16
363	前	16
364	充话费	16
365	充值卡	16
366	一起	16
367	3G	16
368	长	15
369	链接	15
370	达	15
371	网	15
372	现在	15
373	特惠	15
374	机	15
375	提示	15
376	完毕	15
377	余量	15
378	亲情	15
379	产生	15
380	验证	14
381	精彩	14
382	端午	14
383	王卡	14
384	温馨提醒	14
385	授权	14
386	愉快	14
387	彩信	14
388	开机	14
389	四川	14
390	发起	14
391	信号	14
392	专属	14
393	不便	14
394	QXYYTX	14
395	500.00	14
396	随时	13
397	退出	13
398	祝您	13
399	手指	13
400	微	13
401	带来	13
402	吉林	13
403	叠加	13
404	匠心	13
405	包月	13
406	划	13
407	产品	13
408	交纳	13
409	4gplay	13
410	200M	13
411	20.00	13
412	100.00	13
413	﻿	12
414	集团	12
415	贴心	12
416	聚汇	12
417	电子	12
418	电信	12
419	理会	12
420	泄漏	12
421	查费	12
422	有限	12
423	无需	12
424	总计	12
425	平台	12
426	变更	12
427	卡	12
428	办	12
429	WLAN	12
430	80	12
431	4G飞享套餐	12
432	139	12
433	1000.00	12
434	预存	11
435	项	11
436	阅读	11
437	闲时	11
438	量	11
439	自助	11
440	类	11
441	申请	11
442	添加	11
443	每天	11
444	月末	11
445	日包	11
446	数量	11
447	敬请	11
448	接听	11
449	总量	11
450	序号	11
451	山西	11
452	实惠	11
453	只	11
454	加赠	11
455	兑换	11
456	保障	11
457	保证	11
458	sdtxcz	11
459	50.00	11
460	3072.00	11
461	10658368	11
462	赢	10
463	节省	10
464	狂欢	10
465	每周三	10
466	条	10
467	戳	10
468	总流量	10
469	已经	10
470	天	10
471	参加	10
472	再	10
473	关闭	10
474	共享	10
475	以上	10
476	人	10
477	不够	10
478	上限	10
479	xjfw01	10
480	QXED	10
481	CXLL	10
482	CMCC	10
483	351	10
484	10658888	10
485	10655516	10
486	限时	9
487	赠费	9
488	费	9
489	编辑	9
490	继续	9
491	签到	9
492	甘肃	9
493	现已	9
494	状态	9
495	普通	9
496	时至	9
497	日至	9
498	接收	9
499	掌厅	9
500	掌上	9
501	抢	9
502	广东	9
503	山西省	9
504	太	9
505	天翼	9
506	合约	9
507	号键	9
508	发短信	9
509	包啦	9
510	减灾	9
511	元及	9
512	保护	9
513	优惠活动	9
514	仅限	9
515	亲	9
516	专有	9
517	wapsc	9
518	sx	9
519	jeqEVr	9
520	5GB	9
521	200.00	9
522	11888	9
523	102	9
524	0.06	9
525	麻烦	8
526	长春	8
527	重置	8
528	超过	8
529	视频	8
530	观看	8
531	营销	8
532	网厅	8
533	网上商城	8
534	红包	8
535	类型	8
536	福利	8
537	知情	8
538	正在	8
539	机会	8
540	最高	8
541	数	8
542	收到	8
543	接听电话	8
544	抵扣	8
545	打开	8
546	帮助	8
547	尽享	8
548	小	8
549	填写	8
550	呼	8
551	单边	8
552	信用	8
553	交易	8
554	VIP	8
555	88	8
556	517	8
557	500.0	8
558	408	8
559	200	8
560	116114	8
561	106589996300	8
562	黑龙江省	7
563	高额	7
564	重新	7
565	过期	7
566	订制	7
567	规则	7
568	缴费提醒	7
569	短	7
570	畅享	7
571	港澳台地区	7
572	欢享	7
573	来到	7
574	期间	7
575	月话费	7
576	月底	7
577	明细	7
578	新	7
579	放心使用	7
580	收费	7
581	提醒您	7
582	报等	7
583	恭喜	7
584	小于	7
585	实际	7
586	妥善	7
587	商旅	7
588	周末	7
589	发现	7
590	原价	7
591	即享	7
592	全民	7
593	充	7
594	以下	7
595	今天	7
596	云南省	7
597	专网	7
598	不可	7
599	wo	7
600	khddx	7
601	jl	7
602	CZ	7
603	8G	7
604	58.00	7
605	50M	7
606	5033	7
607	4103	7
608	40GB	7
609	1110	7
610	1010	7
611	10086APP	7
612	额外	6
613	陕西	6
614	限	6
615	银行卡	6
616	邮件	6
617	超级	6
618	账号	6
619	说	6
620	网络安全	6
621	管理局	6
622	社会	6
623	特权	6
624	渠道	6
625	沟通	6
626	此类	6
627	栏目	6
628	本卡	6
629	未	6
630	期	6
631	最低	6
632	无法	6
633	新版	6
634	放心	6
635	支持	6
636	提高	6
637	推出	6
638	惊喜	6
639	总共	6
640	当地	6
641	工作	6
642	客服热线	6
643	定制	6
644	天天	6
645	大奖	6
646	增加	6
647	地铁	6
648	各项	6
649	可兑换	6
650	卫生	6
651	办宣	6
652	副	6
653	准	6
654	关心	6
655	先得	6
656	代表	6
657	代付	6
658	介绍	6
659	人选	6
660	人员	6
661	云南	6
662	个人消费	6
663	wsh	6
664	vivo	6
665	so	6
666	index	6
667	gz	6
668	XSB9	6
669	TD	6
670	TA	6
671	RB15	6
672	68	6
673	6668MB	6
674	500	6
675	345.30	6
676	30.00	6
677	29.94	6
678	2048.02	6
679	201705	6
680	18843149903	6
681	1600	6
682	10086108	6
683	10016	6
684	1000	6
685	033C1	6
686	高清	5
687	香港	5
688	风险	5
689	项目	5
690	页面	5
691	音乐	5
692	集锦	5
693	长假	5
694	酒店	5
695	邀请	5
696	返利	5
697	赠	5
698	资源	5
699	诈骗	5
700	记录	5
701	计生委	5
702	装	5
703	联系	5
704	网龄	5
705	网购节	5
706	维护	5
707	结束	5
708	终端	5
709	端午节	5
710	移动用户	5
711	码为	5
712	码	5
713	百分	5
714	电视直播	5
715	生命	5
716	环境	5
717	特殊	5
718	灾害	5
719	欢	5
720	次数	5
721	极速	5
722	机票	5
723	更好	5
724	无广告	5
725	施行	5
726	数字	5
727	救助	5
728	播放	5
729	扣除	5
730	快餐	5
731	应用	5
732	常用	5
733	市话	5
734	已达	5
735	工作者	5
736	完后	5
737	好友	5
738	在线	5
739	国际	5
740	四星级	5
741	同意	5
742	合作	5
743	各大	5
744	可拨打	5
745	原	5
746	努力	5
747	助手	5
748	办公室	5
749	免费送	5
750	先到	5
751	元包	5
752	促销	5
753	低于	5
754	以此类推	5
755	互联网	5
756	乐	5
757	义务	5
758	主题	5
759	中心	5
760	严禁	5
761	不用	5
762	上述	5
763	上海	5
764	一站式	5
765	一次性	5
766	一份	5
767	woms	5
768	khddf2	5
769	go	5
770	eUbaae	5
771	YCZ	5
772	WEB	5
773	98	5
774	91MB	5
775	9.95	5
776	9.40	5
777	800.0	5
778	600.0	5
779	551	5
780	300.04	5
781	300	5
782	270	5
783	19.96	5
784	15.00	5
785	100MB	5
786	1.4	5
787	0KB	5
788	0.19	5
789	频道	4
790	预约	4
791	面值	4
792	限量	4
793	部分	4
794	速速	4
795	通讯	4
796	通信费	4
797	连续	4
798	远离	4
799	转	4
800	跨	4
801	超	4
802	资金	4
803	资料	4
804	账期	4
805	详细	4
806	询	4
807	设施	4
808	认证	4
809	订单号	4
810	订	4
811	计算	4
812	西安	4
813	补充	4
814	范围	4
815	至尊	4
816	能力	4
817	职业	4
818	考试	4
819	精神	4
820	粽子	4
821	稍后	4
822	科技	4
823	祝	4
824	确认	4
825	疑问	4
826	电子对	4
827	玩游戏	4
828	玩	4
829	猛	4
830	热线	4
831	激活	4
832	流水号	4
833	注入	4
834	法律	4
835	法	4
836	查阅	4
837	服务态度	4
838	有礼	4
839	月初	4
840	最新	4
841	更换	4
842	时段	4
843	日起	4
844	日内	4
845	无	4
846	新飞	4
847	教育	4
848	支付宝	4
849	指令	4
850	护路	4
851	抢购	4
852	成都	4
853	意识	4
854	恢复正常	4
855	快人	4
856	心	4
857	彩铃	4
858	已于	4
859	已为	4
860	屏蔽	4
861	家庭	4
862	定期	4
863	完成	4
864	季	4
865	存	4
866	好了吗	4
867	好	4
868	大礼包	4
869	处理结果	4
870	处于	4
871	回馈	4
872	商品	4
873	含上	4
874	吉林省	4
875	合计	4
876	友情	4
877	加餐	4
878	减少	4
879	准备	4
880	再试	4
881	关机	4
882	公民	4
883	免	4
884	先	4
885	元时	4
886	健康	4
887	保存	4
888	以备	4
889	仅能	4
890	亲密	4
891	主流	4
892	为您服务	4
893	个人主页	4
894	世界	4
895	不足以	4
896	不变	4
897	七天	4
898	一边	4
899	一步	4
900	tAE3y	4
901	sn	4
902	qAagl	4
903	mail	4
904	ccyd2013	4
905	X9	4
906	U	4
907	SIM卡	4
908	R4Kz8B6	4
909	QXRTX	4
910	QQ	4
911	HFTX	4
912	8.58	4
913	60	4
914	5G	4
915	56.00	4
916	520	4
917	5083	4
918	5.2	4
919	3GB	4
920	39GB	4
921	3.8	4
922	25.24	4
923	20.50	4
924	2.00	4
925	15140635698	4
926	150	4
927	1400.00	4
928	1173	4
929	11.82	4
930	108	4
931	1065888810	4
932	1065883099	4
933	10655929	4
934	101	4
935	0.1	4
936	0.04	4
937	龙江	3
938	高铁	3
939	预防	3
940	预定	3
941	预	3
942	非法	3
943	非	3
944	需求	3
945	集资	3
946	降至	3
947	防范	3
948	防灾	3
949	防护	3
950	间	3
951	重要	3
952	配件	3
953	这种	3
954	近期	3
955	输入	3
956	转账	3
957	超赞	3
958	超大	3
959	起到	3
960	赢取	3
961	赚	3
962	资费套餐	3
963	请于	3
964	详单	3
965	诚邀	3
966	评定	3
967	设置	3
968	要用	3
969	要求	3
970	行为	3
971	草莓	3
972	节日愉快	3
973	节	3
974	至翼	3
975	股骨头	3
976	续费	3
977	绑定	3
978	红十字会	3
979	粮油	3
980	米面	3
981	签证	3
982	突然	3
983	积极	3
984	秉承	3
985	社区	3
986	短号	3
987	短厅	3
988	省委	3
989	省外	3
990	相应	3
991	电脑	3
992	用不完	3
993	生活用品	3
994	甘于	3
995	理解	3
996	珍惜	3
997	独享	3
998	热门	3
999	热点	3
1000	火爆	3
1001	清零	3
1002	清晰	3
1003	浙江省	3
1004	注册	3
1005	注	3
1006	治疗	3
1007	每个	3
1008	母亲节	3
1009	残疾	3
1010	正式	3
1011	款项	3
1012	欢乐颂	3
1013	次日	3
1014	来电	3
1015	条件	3
1016	权益	3
1017	本省	3
1018	未能	3
1019	最多	3
1020	最后	3
1021	更新	3
1022	暂	3
1023	晒	3
1024	昆明市	3
1025	无疆	3
1026	敬佑	3
1027	救死扶伤	3
1028	救急	3
1029	携手	3
1030	搞定	3
1031	搜	3
1032	提升	3
1033	掌握	3
1034	报名	3
1035	护理	3
1036	护士节	3
1037	护士	3
1038	抢先	3
1039	折扣	3
1040	扣费	3
1041	打卡	3
1042	手厅	3
1043	想	3
1044	患者	3
1045	当天	3
1046	建设	3
1047	应有尽有	3
1048	广大	3
1049	平安	3
1050	帮	3
1051	工伤保险	3
1052	少于	3
1053	寻	3
1054	家人	3
1055	实收	3
1056	安全厅	3
1057	存款	3
1058	委员会	3
1059	好礼	3
1060	奉献	3
1061	大路	3
1062	大爱	3
1063	基层	3
1064	固定	3
1065	商店	3
1066	商城	3
1067	哒	3
1068	和谐	3
1069	告警	3
1070	后次	3
1071	名送	3
1072	名	3
1073	吃	3
1074	可赠	3
1075	可得	3
1076	可享	3
1077	只能	3
1078	另有	3
1079	受理	3
1080	发送至	3
1081	发票	3
1082	发	3
1083	反恐	3
1084	单模	3
1085	单倍	3
1086	华为	3
1087	区域	3
1088	包内	3
1089	动态	3
1090	券	3
1091	刮	3
1092	删除	3
1093	出行	3
1094	减轻	3
1095	共建	3
1096	全家	3
1097	充足	3
1098	仅为	3
1099	人人有责	3
1100	五月	3
1101	之前	3
1102	主	3
1103	中华人民共和国	3
1104	三电	3
1105	一次	3
1106	一星	3
1107	一年	3
1108	zf	3
1109	smjfqf	3
1110	qAaqV	3
1111	qAa5B	3
1112	ebill	3
1113	dxydyw	3
1114	cmcckf10086	3
1115	ZM	3
1116	WIFI	3
1117	SNJRB	3
1118	LL40	3
1119	LL30	3
1120	L	3
1121	H4GAPP	3
1122	GZ10086	3
1123	CZMM	3
1124	95M	3
1125	95	3
1126	93	3
1127	9.18	3
1128	9.03	3
1129	7.90	3
1130	7.59	3
1131	7.30	3
1132	6G	3
1133	6244.00	3
1134	58M	3
1135	55M	3
1136	559	3
1137	5411	3
1138	53M	3
1139	514.99	3
1140	5.24	3
1141	49.90	3
1142	45.84	3
1143	44M	3
1144	44.90	3
1145	433.88	3
1146	4122	3
1147	4121	3
1148	4006558068	3
1149	4.74	3
1150	3915.28	3
1151	37.60	3
1152	3.07	3
1153	3.00	3
1154	2154.46	3
1155	21.12	3
1156	2082	3
1157	2.6	3
1158	1911.82	3
1159	17621079345	3
1160	15G	3
1161	1309	3
1162	109.50	3
1163	106598771	3
1164	1065585292	3
1165	103	3
1166	1024MB0KB	3
1167	1024MB	3
1168	10086700	3
1169	10010sh	3
1170	1000M	3
1171	1.00	3
1172	0.10	3
1173	魅力	2
1174	飞	2
1175	颈	2
1176	页	2
1177	靓号	2
1178	需要	2
1179	随心	2
1180	随借	2
1181	陪伴	2
1182	限定性	2
1183	阿根廷	2
1184	防骗	2
1185	防火	2
1186	闺蜜	2
1187	门票	2
1188	门槛	2
1189	长寿	2
1190	银行	2
1191	铁路	2
1192	钢琴	2
1193	针对	2
1194	金曲	2
1195	里	2
1196	速度	2
1197	通话费	2
1198	迪士尼	2
1199	连接	2
1200	迎新春	2
1201	达量	2
1202	轻信	2
1203	转发	2
1204	路	2
1205	超低	2
1206	购物	2
1207	贫困	2
1208	谨防	2
1209	谢谢	2
1210	谅解	2
1211	请帖	2
1212	说话	2
1213	说出	2
1214	诚信	2
1215	诚	2
1216	记得	2
1217	表白	2
1218	街	2
1219	萌照	2
1220	致电	2
1221	腰间盘	2
1222	脱贫	2
1223	肿瘤	2
1224	联通公司	2
1225	翻倍	2
1226	群众	2
1227	网典	2
1228	编码	2
1229	绿色	2
1230	绿水青山	2
1231	绿化	2
1232	续订	2
1233	续存	2
1234	终极	2
1235	紧急	2
1236	系统	2
1237	粉丝	2
1238	简短	2
1239	筑起	2
1240	等你拿	2
1241	竭诚	2
1242	童颜	2
1243	童年	2
1244	突出	2
1245	秦迹	2
1246	秒杀	2
1247	秀舞	2
1248	社厅	2
1249	确保您	2
1250	省心	2
1251	相当于	2
1252	相伴	2
1253	疯	2
1254	畅游	2
1255	电视剧	2
1256	电影	2
1257	用到	2
1258	用于	2
1259	生态	2
1260	现有	2
1261	王上	2
1262	爱人	2
1263	照片	2
1264	游戏	2
1265	清楚	2
1266	浓妆	2
1267	汇款	2
1268	民政厅	2
1269	每日	2
1270	每号	2
1271	正	2
1272	模式	2
1273	植树	2
1274	档	2
1275	校园	2
1276	来袭	2
1277	来电显示	2
1278	本条	2
1279	本月底	2
1280	未交	2
1281	朋友	2
1282	智能	2
1283	晕	2
1284	易信	2
1285	时请	2
1286	时光	2
1287	日租宝	2
1288	日租包	2
1289	日到	2
1290	无限	2
1291	无线	2
1292	无效	2
1293	无忌	2
1294	旗袍	2
1295	旅游	2
1296	新密码	2
1297	新华社	2
1298	新人	2
1299	文明	2
1300	收藏	2
1301	收听	2
1302	收件箱	2
1303	描述	2
1304	推进	2
1305	排队	2
1306	掌控	2
1307	捶	2
1308	指	2
1309	持续	2
1310	拼	2
1311	拳拳	2
1312	拯救	2
1313	抽	2
1314	护照	2
1315	找回	2
1316	所在	2
1317	我国	2
1318	成就	2
1319	慈善	2
1320	愿全	2
1321	感谢	2
1322	感恩	2
1323	感受	2
1324	惊艳	2
1325	情侣	2
1326	患有	2
1327	恢复	2
1328	总费用	2
1329	总会	2
1330	忙碌	2
1331	忘记	2
1332	弹出	2
1333	开播	2
1334	建议	2
1335	底部	2
1336	应尽	2
1337	应付	2
1338	常远	2
1339	市长	2
1340	市民	2
1341	已备	2
1342	履行	2
1343	属于	2
1344	少	2
1345	小贴士	2
1346	小灵通	2
1347	小康	2
1348	小主	2
1349	对话框	2
1350	密码保护	2
1351	家庭医生	2
1352	客户经理	2
1353	客户服务	2
1354	实现	2
1355	实施	2
1356	定购	2
1357	完美	2
1358	安静	2
1359	安徽	2
1360	孙文博	2
1361	如为	2
1362	好运	2
1363	好玩	2
1364	女神	2
1365	套外	2
1366	奖励	2
1367	失	2
1368	天内	2
1369	大连	2
1370	大赛	2
1371	大王	2
1372	多款	2
1373	处非	2
1374	处理	2
1375	壮汉	2
1376	增值	2
1377	墙	2
1378	基友	2
1379	坏死	2
1380	图标	2
1381	固话	2
1382	四川省	2
1383	喜剧	2
1384	品位	2
1385	咪	2
1386	咕	2
1387	听	2
1388	同步	2
1389	吉	2
1390	合适	2
1391	吃个	2
1392	号线	2
1393	可视电话	2
1394	可获	2
1395	变	2
1396	发愁	2
1397	发展	2
1398	友好	2
1399	厉害	2
1400	厅	2
1401	即订	2
1402	卖场	2
1403	升	2
1404	北直	2
1405	包仅	2
1406	助理	2
1407	助残日	2
1408	动漫	2
1409	动感地带	2
1410	动动手	2
1411	加强	2
1412	加入	2
1413	利息	2
1414	初次	2
1415	列表	2
1416	划算	2
1417	分享	2
1418	分为	2
1419	减半	2
1420	农村	2
1421	再也	2
1422	内含	2
1423	共渡	2
1424	公务员	2
1425	全省	2
1426	全包	2
1427	入口	2
1428	免费资源	2
1429	免提	2
1430	光纤	2
1431	充后	2
1432	元得	2
1433	元含	2
1434	元享	2
1435	假期	2
1436	值	2
1437	信办	2
1438	保密	2
1439	便利	2
1440	依法	2
1441	供	2
1442	低至	2
1443	优酷	2
1444	优质服务	2
1445	任选	2
1446	任你选	2
1447	今日	2
1448	人生	2
1449	人民政府	2
1450	亲爱	2
1451	享豪礼	2
1452	互拨	2
1453	买	2
1454	为止	2
1455	为国足	2
1456	个人信息	2
1457	专用	2
1458	专家	2
1459	专	2
1460	不知	2
1461	不定期	2
1462	上网版	2
1463	上方	2
1464	三天	2
1465	三个	2
1466	万家	2
1467	一点	2
1468	一档	2
1469	一天	2
1470	一个	2
1471	z243g7T27	2
1472	youku	2
1473	yaYv6B6	2
1474	xiazai	2
1475	wapzt	2
1476	url	2
1477	tg	2
1478	show	2
1479	scllcd	2
1480	id	2
1481	ge8	2
1482	gVrENNf	2
1483	fm	2
1484	dwz	2
1485	client	2
1486	cA201	2
1487	bank	2
1488	aid	2
1489	Young	2
1490	XMjUzMjgxOTk4MA	2
1491	QXZTX	2
1492	QXYLTX	2
1493	QXLLTX	2
1494	QXGTX	2
1495	PPTV	2
1496	P9	2
1497	OCS	2
1498	NtTeAAA	2
1499	N	2
1500	LL20	2
1501	KT98	2
1502	KB	2
1503	I7FbU3	2
1504	Find	2
1505	DW	2
1506	B超	2
1507	AE2001433o3z687	2
1508	997.58	2
1509	95105787	2
1510	9.98	2
1511	9.9	2
1512	9.82	2
1513	9.50	2
1514	9.10	2
1515	89O349	2
1516	84M	2
1517	846.8	2
1518	81M	2
1519	8192.00	2
1520	80M	2
1521	80.10	2
1522	8.77	2
1523	8.59	2
1524	8.28	2
1525	76M	2
1526	76	2
1527	73M	2
1528	730.1	2
1529	72.62	2
1530	709308	2
1531	70.56	2
1532	7.69	2
1533	6GB	2
1534	68M	2
1535	66.44	2
1536	6281	2
1537	62.32	2
1538	61M	2
1539	61.13	2
1540	600M	2
1541	60.54	2
1542	6.80	2
1543	6.79	2
1544	6.59	2
1545	6.52	2
1546	578.1	2
1547	56M	2
1548	56.14	2
1549	5529.60	2
1550	542.7	2
1551	52.02	2
1552	5120.00	2
1553	50.56	2
1554	5.17	2
1555	48.90	2
1556	48.37	2
1557	48.35	2
1558	477.34	2
1559	47.90	2
1560	45M	2
1561	452.98	2
1562	451.9	2
1563	434.8	2
1564	42M	2
1565	42.10	2
1566	41.92	2
1567	41.72	2
1568	40MB153KB	2
1569	40299	2
1570	4006006777	2
1571	400.00	2
1572	4.46	2
1573	4.42	2
1574	4.24	2
1575	4.16	2
1576	4.14	2
1577	391.03	2
1578	38M	2
1579	36.33	2
1580	35.54	2
1581	34.5	2
1582	338	2
1583	33.01	2
1584	325.13	2
1585	321.76	2
1586	32.75	2
1587	31M	2
1588	31.42	2
1589	31.23	2
1590	30G	2
1591	308709	2
1592	300.0	2
1593	30.4	2
1594	3.9	2
1595	3.53	2
1596	3.50	2
1597	3.01	2
1598	2mUNvq	2
1599	2GB678MB	2
1600	2GB532MB	2
1601	2GB250	2
1602	2GB149	2
1603	293.2	2
1604	288	2
1605	287.5	2
1606	27.30	2
1607	26M	2
1608	268	2
1609	267.33	2
1610	26.42	2
1611	251.38	2
1612	250.3	2
1613	25.57	2
1614	24M	2
1615	238	2
1616	23.20	2
1617	23.18	2
1618	229.9	2
1619	225.57	2
1620	219.4	2
1621	219.1	2
1622	214.99	2
1623	20M	2
1624	209	2
1625	206.3	2
1626	2050	2
1627	2048.00	2
1628	202.8	2
1629	2014	2
1630	201.6	2
1631	2.14	2
1632	2.10	2
1633	2.02	2
1634	1bfUc4	2
1635	19M	2
1636	197	2
1637	195	2
1638	18M	2
1639	18785052065	2
1640	187.4	2
1641	18340820745	2
1642	180.1	2
1643	171.2	2
1644	158	2
1645	157.7	2
1646	15285151301	2
1647	1520	2
1648	15.26	2
1649	145.30	2
1650	144	2
1651	14.76	2
1652	1200M	2
1653	12.70	2
1654	12.10	2
1655	119.14	2
1656	111.00	2
1657	110.8	2
1658	11.18	2
1659	10MB	2
1660	1065842232	2
1661	10658139	2
1662	106555066	2
1663	105	2
1664	103.40	2
1665	10155	2
1666	10086800	2
1667	100863103101	2
1668	10086006	2
1669	10015888	2
1670	10001802	2
1671	10.73	2
1672	1.80	2
1673	1.563	2
1674	1.217	2
1675	1.12	2
1676	0bs000	2
1677	0UNCpH	2
1678	0MB0KB	2
1679	04M	2
1680	043185538553	2
1681	0.62	2
1682	0.27	2
1683	黑龙	1
1684	黄昏	1
1685	高考	1
1686	骄傲	1
1687	驻华	1
1688	首页	1
1689	首充	1
1690	首个	1
1691	首	1
1692	馅饼	1
1693	飞毛腿	1
1694	风筝	1
1695	频繁	1
1696	领导小组	1
1697	领完	1
1698	预订	1
1699	预计	1
1700	预警	1
1701	须	1
1702	顺延	1
1703	顺利	1
1704	顶部	1
1705	音符	1
1706	音乐节	1
1707	音乐网站	1
1708	韩国	1
1709	面子	1
1710	靠山	1
1711	青花	1
1712	青春	1
1713	青云	1
1714	需该	1
1715	零时	1
1716	随用	1
1717	随到	1
1718	陷阱	1
1719	陪您	1
1720	陕西省	1
1721	限用	1
1722	限在	1
1723	降雨量	1
1724	陌生人	1
1725	陌生	1
1726	附近	1
1727	附加	1
1728	阿根廷政府	1
1729	阵线	1
1730	防谍	1
1731	防线	1
1732	防治	1
1733	防暴	1
1734	防护网	1
1735	问题	1
1736	问候	1
1737	长期有效	1
1738	长期	1
1739	键	1
1740	错误	1
1741	锁定	1
1742	销售	1
1743	银联卡	1
1744	铃音	1
1745	铁人三项	1
1746	钻越	1
1747	钻	1
1748	钱	1
1749	钢铁长城	1
1750	金鸡	1
1751	金币	1
1752	量费	1
1753	野外	1
1754	重装	1
1755	重大	1
1756	重复	1
1757	部门	1
1758	邀	1
1759	避暑	1
1760	遵守	1
1761	遗忘	1
1762	遗产地	1
1763	道	1
1764	遇见	1
1765	遇到	1
1766	造成	1
1767	速拨	1
1768	通	1
1769	递交	1
1770	选靓	1
1771	选沃	1
1772	适应	1
1773	送达	1
1774	送祝福	1
1775	送来	1
1776	送到	1
1777	退还	1
1778	追剧	1
1779	连连看	1
1780	违纪	1
1781	违禁物品	1
1782	违法行为	1
1783	进站	1
1784	进球	1
1785	进万家	1
1786	返贫	1
1787	迎	1
1788	过去	1
1789	轻易	1
1790	转帐	1
1791	转入	1
1792	车厢	1
1793	身边	1
1794	身份证	1
1795	路由器	1
1796	路径	1
1797	足不出户	1
1798	足	1
1799	越狱	1
1800	超高	1
1801	超长	1
1802	超量	1
1803	起飞	1
1804	起效	1
1805	赴	1
1806	赠款	1
1807	赛事	1
1808	赋予	1
1809	资格	1
1810	资助	1
1811	费看	1
1812	费由	1
1813	贸易	1
1814	贵阳市	1
1815	购机	1
1816	购加量	1
1817	购买	1
1818	购	1
1819	账号密码	1
1820	账务	1
1821	账且	1
1822	责任	1
1823	财产	1
1824	豪礼	1
1825	谨慎	1
1826	谢谢您	1
1827	读书	1
1828	读	1
1829	请速	1
1830	请安	1
1831	说得明	1
1832	说好	1
1833	话音	1
1834	诊断	1
1835	访问	1
1836	设定	1
1837	设备	1
1838	认真学习	1
1839	计费	1
1840	计生	1
1841	计划	1
1842	触犯	1
1843	解除	1
1844	见义勇为	1
1845	覆盖	1
1846	西桥易	1
1847	补丁	1
1848	行车	1
1849	行程	1
1850	行动	1
1851	血汗	1
1852	融合	1
1853	薛之谦	1
1854	蒙尘	1
1855	菜单	1
1856	荒	1
1857	英克	1
1858	若有	1
1859	花钱	1
1860	花样	1
1861	节约	1
1862	节来	1
1863	节日	1
1864	节开	1
1865	节地	1
1866	艺术	1
1867	航空安全	1
1868	致贫	1
1869	致以	1
1870	自行	1
1871	自然	1
1872	自我	1
1873	自在	1
1874	膝关节	1
1875	聚焦	1
1876	聚会	1
1877	聚	1
1878	联盟	1
1879	联合会	1
1880	联合	1
1881	职业病	1
1882	聊表心意	1
1883	考试院	1
1884	老龄	1
1885	老面孔	1
1886	老年人	1
1887	老客户	1
1888	翻牌	1
1889	翻修	1
1890	群组	1
1891	美好生活	1
1892	美好	1
1893	美丽	1
1894	网购	1
1895	网络覆盖	1
1896	网易	1
1897	网时长	1
1898	网信	1
1899	网主	1
1900	网中	1
1901	缴清	1
1902	编号	1
1903	编写	1
1904	综艺节目	1
1905	综治办	1
1906	综合治理	1
1907	维持	1
1908	统付	1
1909	统一	1
1910	绝伦	1
1911	经济社会	1
1912	经典	1
1913	终将	1
1914	细	1
1915	组织部	1
1916	组内	1
1917	组	1
1918	线路	1
1919	纪律	1
1920	约	1
1921	红色	1
1922	精美	1
1923	精彩视频	1
1924	精彩内容	1
1925	精品	1
1926	算起	1
1927	简至善	1
1928	签约	1
1929	等车	1
1930	等待	1
1931	第五	1
1932	第九个	1
1933	第一	1
1934	符合	1
1935	笔记	1
1936	笔等	1
1937	窗	1
1938	空间主权	1
1939	稳定	1
1940	秸秆	1
1941	积极参与	1
1942	秦集	1
1943	租费	1
1944	秘书	1
1945	秀红	1
1946	秀丽	1
1947	离别	1
1948	福到	1
1949	祭扫	1
1950	祝贺	1
1951	社会治安	1
1952	礼物	1
1953	礼品	1
1954	礼包	1
1955	礼	1
1956	磨蹭	1
1957	破坏	1
1958	知晓	1
1959	着力	1
1960	看标	1
1961	省钱	1
1962	省网	1
1963	省份	1
1964	省人	1
1965	相逢	1
1966	相聚	1
1967	相关	1
1968	相互	1
1969	直播	1
1970	直充	1
1971	盗墓	1
1972	监狱	1
1973	百兆	1
1974	百元	1
1975	症	1
1976	病毒	1
1977	病	1
1978	疾病	1
1979	疯狂	1
1980	疏忽	1
1981	留意	1
1982	畅读	1
1983	畅听	1
1984	电视	1
1985	电影票	1
1986	电信业务	1
1987	电	1
1988	申请表	1
1989	申请材料	1
1990	用火	1
1991	用户注册	1
1992	用尽	1
1993	用人单位	1
1994	生态环境	1
1995	甑	1
1996	理财	1
1997	球	1
1998	珍贵	1
1999	现奉	1
2000	现价	1
2001	王	1
2002	特色	1
2003	特向	1
2004	物流	1
2005	牢固	1
2006	版	1
2007	爽	1
2008	父亲节	1
2009	父亲	1
2010	爆款	1
2011	燃烧	1
2012	燃放	1
2013	热点新闻	1
2014	热剧	1
2015	烦恼	1
2016	烦忧	1
2017	烟花	1
2018	点赞	1
2019	炫铃	1
2020	灿烂	1
2021	火情	1
2022	激情	1
2023	激光	1
2024	潮流	1
2025	漫画	1
2026	漏	1
2027	滴滴	1
2028	滇池	1
2029	游乐园	1
2030	温暖	1
2031	清明节	1
2032	清明	1
2033	清	1
2034	淡忘	1
2035	淡定	1
2036	消息	1
2037	浪费	1
2038	浓浓	1
2039	流逝	1
2040	流看	1
2041	流	1
2042	洽谈会	1
2043	注销	1
2044	法治	1
2045	没用	1
2046	没处	1
2047	没关系	1
2048	沃邮君	1
2049	沃卡	1
2050	汹涌	1
2051	江苏	1
2052	江省	1
2053	江山	1
2054	水晶	1
2055	气象台	1
2056	气球	1
2057	气候	1
2058	民航机场	1
2059	毫米	1
2060	比赛	1
2061	每年	1
2062	每周	1
2063	母亲	1
2064	残疾人	1
2065	步骤	1
2066	此类情况	1
2067	正规渠道	1
2068	正规	1
2069	歌曲名	1
2070	歌手名	1
2071	款	1
2072	欺诈	1
2073	欣赏	1
2074	植树造林	1
2075	森林	1
2076	梦想	1
2077	梁财全	1
2078	根本利益	1
2079	核实	1
2080	树立	1
2081	标桩	1
2082	栅栏	1
2083	查明	1
2084	查一查	1
2085	构成犯罪	1
2086	构建	1
2087	条例	1
2088	权利	1
2089	机场	1
2090	本机	1
2091	未降	1
2092	未达	1
2093	未来	1
2094	期限	1
2095	期将	1
2096	服务措施	1
2097	服务区	1
2098	服兵役	1
2099	有限公司	1
2100	有线	1
2101	有没有	1
2102	有时	1
2103	有害	1
2104	月份	1
2105	最长	1
2106	最火	1
2107	最	1
2108	更改	1
2109	暴雨	1
2110	暴富	1
2111	暂未	1
2112	暂时	1
2113	暂停	1
2114	景色	1
2115	普通话	1
2116	晚上	1
2117	晋美	1
2118	晋善	1
2119	显示	1
2120	显	1
2121	春季	1
2122	春天	1
2123	昆明	1
2124	时起算	1
2125	时前	1
2126	早	1
2127	日租型	1
2128	日租卡	1
2129	日为	1
2130	无须	1
2131	无聊	1
2132	无数	1
2133	无人机	1
2134	旅行社	1
2135	旅行	1
2136	旅	1
2137	旁边	1
2138	方便快捷	1
2139	新鲜出炉	1
2140	新闻资讯	1
2141	新闻出版	1
2142	新装	1
2143	新品	1
2144	斜对面	1
2145	敬候	1
2146	政法委	1
2147	政府	1
2148	放飞	1
2149	放肆	1
2150	攻坚	1
2151	改善	1
2152	收发	1
2153	播种	1
2154	摇	1
2155	携带	1
2156	搜索	1
2157	插曲	1
2158	提高警惕	1
2159	推送	1
2160	推荐人	1
2161	推动	1
2162	接近	1
2163	接入	1
2164	探索	1
2165	掉	1
2166	损毁	1
2167	损失	1
2168	捞	1
2169	挖取	1
2170	挑号	1
2171	挑	1
2172	按天	1
2173	指挥部	1
2174	指导	1
2175	持	1
2176	拿走	1
2177	拥抱	1
2178	招聘	1
2179	拒绝	1
2180	拆盗	1
2181	拆机	1
2182	担忧	1
2183	担心	1
2184	押金	1
2185	报障	1
2186	报警	1
2187	报案	1
2188	抢订	1
2189	折算	1
2190	投资	1
2191	投诉	1
2192	抓	1
2193	承诺	1
2194	承担	1
2195	扶残助残	1
2196	扫黄打非	1
2197	扫码	1
2198	扩大	1
2199	执行	1
2200	执委会	1
2201	扣费达	1
2202	扣费后	1
2203	扣取	1
2204	打捞	1
2205	打拼	1
2206	打发	1
2207	手续	1
2208	手上	1
2209	手	1
2210	所有	1
2211	或翼	1
2212	我要	1
2213	我省	1
2214	我市	1
2215	我局	1
2216	我养	1
2217	成都地区	1
2218	成为	1
2219	愿	1
2220	感觉	1
2221	想要	1
2222	惠	1
2223	情意	1
2224	恭候	1
2225	总体	1
2226	总	1
2227	忻州市	1
2228	快点	1
2229	快来	1
2230	快快	1
2231	快到	1
2232	志	1
2233	必选	1
2234	必成	1
2235	心堂	1
2236	心动	1
2237	微臣	1
2238	微光	1
2239	循环	1
2240	征兵	1
2241	影视	1
2242	影响力	1
2243	形象	1
2244	录用	1
2245	当年	1
2246	当公卫	1
2247	强化	1
2248	张	1
2249	弘扬	1
2250	异地	1
2251	开春	1
2252	开户	1
2253	开展	1
2254	开启	1
2255	开关机	1
2256	开	1
2257	建言献策	1
2258	建立	1
2259	延长	1
2260	应聘	1
2261	应考	1
2262	应征	1
2263	应交	1
2264	广电局	1
2265	广告	1
2266	幻想	1
2267	并次	1
2268	平均	1
2269	常务副	1
2270	带回家	1
2271	带上	1
2272	帐号	1
2273	希望	1
2274	市场	1
2275	已开	1
2276	已到	1
2277	工号	1
2278	工作人员	1
2279	嵊州	1
2280	岁	1
2281	展暨	1
2282	局宣	1
2283	尽情	1
2284	就近	1
2285	就要	1
2286	尝试	1
2287	尚未	1
2288	小额	1
2289	尊享	1
2290	封存	1
2291	导致	1
2292	对应	1
2293	富豪	1
2294	家庭幸福	1
2295	家书	1
2296	宣传周	1
2297	宝贵时间	1
2298	宝箱	1
2299	宜人	1
2300	官网	1
2301	官微	1
2302	安装	1
2303	安葬	1
2304	安全观	1
2305	安全法	1
2306	守候	1
2307	学习	1
2308	存入	1
2309	孔明灯	1
2310	娱乐	1
2311	委网	1
2312	委办	1
2313	委	1
2314	妨碍	1
2315	好看	1
2316	好书	1
2317	女王	1
2318	套餐费	1
2319	套包	1
2320	奖品	1
2321	失恋	1
2322	天华	1
2323	天上	1
2324	大驾光临	1
2325	大闹	1
2326	大胆	1
2327	大美	1
2328	大力	1
2329	大专	1
2330	多一点	1
2331	外办	1
2332	夏日	1
2333	夏天	1
2334	备份	1
2335	备上	1
2336	增强	1
2337	塑造	1
2338	基金	1
2339	基站	1
2340	城市	1
2341	坚实	1
2342	坚定	1
2343	块钱	1
2344	坐地铁	1
2345	场景	1
2346	地图	1
2347	地区	1
2348	图片	1
2349	图书	1
2350	图	1
2351	国足	1
2352	国教	1
2353	国	1
2354	围墙	1
2355	因病	1
2356	回放	1
2357	回忆	1
2358	回归	1
2359	回信	1
2360	四月	1
2361	嗨	1
2362	喝彩	1
2363	喂饱	1
2364	商洽	1
2365	商户	1
2366	商务活动	1
2367	商务	1
2368	商	1
2369	唯有	1
2370	品味	1
2371	咨询电话	1
2372	呵护	1
2373	周六	1
2374	周传雄	1
2375	告人	1
2376	听速	1
2377	君来	1
2378	合规	1
2379	合法权益	1
2380	叶倩文	1
2381	右	1
2382	可查	1
2383	可尊	1
2384	可发	1
2385	只为	1
2386	古建	1
2387	受	1
2388	取	1
2389	发货	1
2390	发布	1
2391	发出	1
2392	反诈	1
2393	反映	1
2394	反奸	1
2395	反	1
2396	历经	1
2397	历史	1
2398	即止	1
2399	即易信	1
2400	危害	1
2401	危及	1
2402	卫视	1
2403	卡片	1
2404	博爱	1
2405	南阳市	1
2406	南派	1
2407	南亚	1
2408	单停	1
2409	单位	1
2410	协议	1
2411	半价	1
2412	升舱	1
2413	升档	1
2414	千里	1
2415	千秋	1
2416	区	1
2417	包送	1
2418	包来	1
2419	包括	1
2420	包打	1
2421	包已	1
2422	勿	1
2423	勒索	1
2424	助残	1
2425	动物	1
2426	动漫画	1
2427	加价	1
2428	加	1
2429	功在当代	1
2430	办法	1
2431	办得灵	1
2432	办完	1
2433	办卡	1
2434	办公厅	1
2435	办公	1
2436	力克	1
2437	剩下	1
2438	剧情	1
2439	前须	1
2440	前行	1
2441	前往	1
2442	刷单	1
2443	刷	1
2444	刮刮卡	1
2445	刮乐	1
2446	别样	1
2447	别忘记	1
2448	别忘了	1
2449	利在	1
2450	创造	1
2451	创建	1
2452	刑事责任	1
2453	切实	1
2454	分月	1
2455	出版物	1
2456	出差	1
2457	出具	1
2458	凡有	1
2459	凡	1
2460	净空	1
2461	决战	1
2462	冰	1
2463	再领	1
2464	再次	1
2465	内咪咕	1
2466	内主	1
2467	关联	1
2468	关系	1
2469	关爱	1
2470	共筑	1
2471	六天	1
2472	六个月	1
2473	公益	1
2474	公平	1
2475	公函	1
2476	公共利益	1
2477	全部	1
2478	全天候	1
2479	全	1
2480	入网	1
2481	光顾	1
2482	光荣义务	1
2483	光缆	1
2484	先办	1
2485	兆	1
2486	充入	1
2487	元购	1
2488	元版余	1
2489	元日	1
2490	元宝	1
2491	元后	1
2492	元免	1
2493	允许	1
2494	儿童节	1
2495	做起	1
2496	做到	1
2497	做	1
2498	值得	1
2499	借给	1
2500	借款	1
2501	候车	1
2502	候机	1
2503	修障	1
2504	修订	1
2505	信用卡	1
2506	信息费	1
2507	信息技术	1
2508	信息安全	1
2509	信息化	1
2510	保护区	1
2511	保建彬	1
2512	保值	1
2513	促进	1
2514	便于	1
2515	依法追究	1
2516	依法惩治	1
2517	供参考	1
2518	使领馆	1
2519	使者	1
2520	使用量	1
2521	你老	1
2522	你养	1
2523	你享	1
2524	作弊	1
2525	佛教文化	1
2526	余	1
2527	体检	1
2528	低碳	1
2529	位长	1
2530	位	1
2531	伤亡	1
2532	传递	1
2533	传播	1
2534	会展中心	1
2535	会员	1
2536	优选	1
2537	优先	1
2538	众多	1
2539	任意	1
2540	任性	1
2541	价位	1
2542	以此	1
2543	以来	1
2544	以外	1
2545	以后	1
2546	以北	1
2547	以上学历	1
2548	代缴	1
2549	代码	1
2550	代交	1
2551	付仅	1
2552	从次	1
2553	从我做起	1
2554	今年	1
2555	仅付	1
2556	人道	1
2557	人群	1
2558	人次	1
2559	人数	1
2560	人工	1
2561	亲朋好友	1
2562	亲切	1
2563	享存	1
2564	享免	1
2565	产品名称	1
2566	五险	1
2567	五台山	1
2568	互联网服务	1
2569	云盘	1
2570	云	1
2571	乱飞	1
2572	书香	1
2573	书	1
2574	乡镇	1
2575	也门	1
2576	乐趣	1
2577	乐享	1
2578	之时	1
2579	之后	1
2580	之余	1
2581	义不容辞	1
2582	举行	1
2583	举报电话	1
2584	主卡	1
2585	主人	1
2586	丰富	1
2587	中部	1
2588	中奖率	1
2589	中国残疾人联合会	1
2590	中国政府	1
2591	中午	1
2592	中共	1
2593	个人用户	1
2594	严重	1
2595	严肃处理	1
2596	两侧	1
2597	两个	1
2598	两不误	1
2599	东南亚	1
2600	业务费	1
2601	专门	1
2602	专款	1
2603	专家级	1
2604	专享	1
2605	不降	1
2606	不超	1
2607	不敢	1
2608	不想	1
2609	不含	1
2610	不向	1
2611	不划算	1
2612	不停	1
2613	不一	1
2614	下账	1
2615	下调	1
2616	下月初	1
2617	下单	1
2618	下半月	1
2619	上阵	1
2620	上车	1
2621	上网费	1
2622	上市	1
2623	上万	1
2624	三重	1
2625	三月	1
2626	三星	1
2627	三日	1
2628	三叔	1
2629	三不一要	1
2630	万册	1
2631	万元	1
2632	万	1
2633	一部	1
2634	一路	1
2635	一赠	1
2636	一直	1
2637	一生	1
2638	一步到位	1
2639	一折	1
2640	一带	1
2641	一夜	1
2642	一口价	1
2643	一位	1
2644	一人	1
2645	zxllba	1
2646	zt	1
2647	zdzzm	1
2648	zAeR	1
2649	z2ErQb	1
2650	yn	1
2651	ymllb2	1
2652	yllrzb1	1
2653	ydsjllcx	1
2654	wx	1
2655	wm	1
2656	vipinfo	1
2657	video	1
2658	vQBrMf	1
2659	uyVfy7eq	1
2660	u98lPHlkotbx	1
2661	tyyhzx	1
2662	tt	1
2663	toolbar	1
2664	szhysy	1
2665	sxyd559	1
2666	sxsp	1
2667	suo	1
2668	sndrb	1
2669	shunicomkf	1
2670	sdtxyl	1
2671	scztfl	1
2672	sctjyl	1
2673	schfcd	1
2674	scdjcd	1
2675	sccdtd	1
2676	sccdqf	1
2677	sc	1
2678	rJ3POOQ	1
2679	qxdzzd	1
2680	qiYzYb	1
2681	qgfortune	1
2682	qUVZz2	1
2683	pushpage	1
2684	prisonbreak	1
2685	p71m4p7c5eY	1
2686	nEfUFb	1
2687	myds	1
2688	mswo	1
2689	migudm	1
2690	migu	1
2691	mala	1
2692	ltzg	1
2693	load	1
2694	lnchinamobile	1
2695	khddls	1
2696	khd4g	1
2697	kdah	1
2698	jsp	1
2699	ipad	1
2700	im	1
2701	iPhone	1
2702	iGEB3	1
2703	gs	1
2704	gov	1
2705	gjdxsy	1
2706	gfbzb	1
2707	gd	1
2708	fnj	1
2709	eV4E	1
2710	eMbmQB4	1
2711	dzz	1
2712	download2	1
2713	download	1
2714	diyring	1
2715	dc	1
2716	dX	1
2717	cyfw	1
2718	comic	1
2719	cmread	1
2720	cid	1
2721	cc	1
2722	cb	1
2723	appyn1	1
2724	appsx2	1
2725	appsx1	1
2726	appgz1	1
2727	appcz	1
2728	appall	1
2729	alipay	1
2730	ZZ3a2u12	1
2731	Ylcx	1
2732	YYJTC15	1
2733	YOUNG	1
2734	WO	1
2735	WLLAN	1
2736	VfMjUr	1
2737	VPMN	1
2738	V	1
2739	TCYLMX	1
2740	RtwViCN	1
2741	RfyZD9w	1
2742	RaZpO5n	1
2743	RXQ2fKA	1
2744	QXTX	1
2745	QFVJJz	1
2746	PYn2YZj	1
2747	PS	1
2748	POS	1
2749	P	1
2750	MQ	1
2751	Lily	1
2752	Life	1
2753	LSC25	1
2754	LSC15	1
2755	LRB4	1
2756	LQvUf6j	1
2757	LLQT	1
2758	LL	1
2759	KYYE	1
2760	KTLLDJ5	1
2761	KTLDTX	1
2762	KTJPCDB	1
2763	KTDTRB	1
2764	KTDMMS	1
2765	KT88	1
2766	KT4GLL30	1
2767	KT4GFXTC88	1
2768	KT128	1
2769	Jne2Ub13	1
2770	JR10	1
2771	ITV	1
2772	IPad	1
2773	IPTV	1
2774	HK	1
2775	HFYE	1
2776	Good	1
2777	GNJRB	1
2778	FuUZVj2	1
2779	FXTQ	1
2780	FJnami	1
2781	Ekss	1
2782	E7VFnu	1
2783	E	1
2784	CXXJFW	1
2785	CXLSJF	1
2786	CXLLMX	1
2787	CXGX	1
2788	CXCY	1
2789	CK	1
2790	AMNBURf	1
2791	A1000050B3D9CD	1
2792	9MB297KB	1
2793	9J36VZf	1
2794	9G832	1
2795	9G777	1
2796	9G618	1
2797	9G602	1
2798	9G587	1
2799	9G498	1
2800	9G265	1
2801	9G244	1
2802	9G202	1
2803	999.27	1
2804	99.80	1
2805	99.5	1
2806	99.3	1
2807	988.09	1
2808	985.64	1
2809	98.4	1
2810	98.15	1
2811	979.08	1
2812	975522	1
2813	974449	1
2814	970320	1
2815	96169	1
2816	960515	1
2817	96	1
2818	95MB	1
2819	959763	1
2820	959.78	1
2821	958.07	1
2822	95106	1
2823	95105786	1
2824	95.51	1
2825	946.40	1
2826	943.76	1
2827	933.27	1
2828	93.83	1
2829	93.77	1
2830	93.41	1
2831	93.26	1
2832	91M	1
2833	915405	1
2834	910638	1
2835	91.30	1
2836	90M	1
2837	909.8	1
2838	904.17	1
2839	902234	1
2840	900	1
2841	90.73	1
2842	90.67	1
2843	90.65	1
2844	9.99	1
2845	9.97	1
2846	9.85	1
2847	9.8	1
2848	9.76	1
2849	9.59	1
2850	9.58	1
2851	9.5	1
2852	9.19	1
2853	8GB	1
2854	8G763	1
2855	8G746	1
2856	8G459	1
2857	8G274	1
2858	89M	1
2859	898.0	1
2860	89.94	1
2861	89.55	1
2862	88MB	1
2863	88M	1
2864	889394	1
2865	884.7	1
2866	8788159	1
2867	869693	1
2868	869.19	1
2869	868.4	1
2870	86.46	1
2871	86.27	1
2872	86.04	1
2873	86	1
2874	850.02	1
2875	83M	1
2876	83F4VU9	1
2877	8384.44	1
2878	835243	1
2879	83.06	1
2880	83	1
2881	82M	1
2882	827.63	1
2883	826.61	1
2884	823.41	1
2885	822557	1
2886	8221	1
2887	822.44	1
2888	819	1
2889	813232	1
2890	81.30	1
2891	807.54	1
2892	803.7	1
2893	802.44	1
2894	80.61	1
2895	8.86	1
2896	8.82	1
2897	8.60	1
2898	8.53	1
2899	8.42	1
2900	7MB	1
2901	7GB	1
2902	7G64	1
2903	7G249	1
2904	7G	1
2905	793.4	1
2906	78M	1
2907	789.0	1
2908	785103	1
2909	780	1
2910	78.92	1
2911	77M	1
2912	7777	1
2913	7740	1
2914	77.4	1
2915	769.84	1
2916	766.8	1
2917	765.48	1
2918	76.93	1
2919	76.74	1
2920	74MB	1
2921	747.49	1
2922	743485	1
2923	74.68	1
2924	74.59	1
2925	74.01	1
2926	7392	1
2927	733.8	1
2928	727.34	1
2929	721.63	1
2930	72.13	1
2931	72	1
2932	71M	1
2933	7168.00	1
2934	716.80	1
2935	711MB207KB	1
2936	7118878	1
2937	71	1
2938	707600	1
2939	704613	1
2940	7013	1
2941	70	1
2942	7.88	1
2943	7.83	1
2944	7.12	1
2945	6wDbPpN	1
2946	6G801	1
2947	6G784	1
2948	6G321	1
2949	6G279	1
2950	6G258	1
2951	699933	1
2952	699.00	1
2953	69800000272962	1
2954	689.50	1
2955	688.04	1
2956	687	1
2957	68.50	1
2958	6747	1
2959	67.8	1
2960	66M	1
2961	669.00	1
2962	663.92	1
2963	6616.19	1
2964	66.13	1
2965	652	1
2966	650968	1
2967	65.42	1
2968	65.2	1
2969	65.16	1
2970	6484p8f7eY	1
2971	6475.56	1
2972	642.27	1
2973	64.93	1
2974	64.85	1
2975	64.38	1
2976	63M	1
2977	635.06	1
2978	632.20	1
2979	63.88	1
2980	63.60	1
2981	629647	1
2982	626MB	1
2983	625.98	1
2984	610.6	1
2985	61.30	1
2986	60b7	1
2987	60b2	1
2988	607.34	1
2989	603	1
2990	602799	1
2991	602	1
2992	60148	1
2993	60147	1
2994	60146	1
2995	601	1
2996	600.13	1
2997	60.43	1
2998	60.40	1
2999	60.31	1
3000	60.26	1
3001	6.90	1
3002	6.8	1
3003	6.6	1
3004	6.57	1
3005	6.22	1
3006	6.15	1
3007	6.14	1
3008	6.00	1
3009	5MB296KB	1
3010	5MB	1
3011	5G975	1
3012	5G945	1
3013	5G879	1
3014	5G750	1
3015	5G6	1
3016	5G588	1
3017	5G464	1
3018	5B	1
3019	59M	1
3020	599.87	1
3021	598IOb	1
3022	590.00	1
3023	59.96	1
3024	59.90	1
3025	585.63	1
3026	58.86	1
3027	58.80	1
3028	58.74	1
3029	58.20	1
3030	57M	1
3031	57.3	1
3032	560.00	1
3033	56.77	1
3034	56.28	1
3035	558MB	1
3036	558.35	1
3037	558	1
3038	557.08	1
3039	557	1
3040	556.39	1
3041	556	1
3042	554	1
3043	548188	1
3044	544.08	1
3045	54.08	1
3046	53851	1
3047	535MB	1
3048	53.88	1
3049	53.34	1
3050	52M	1
3051	527.62	1
3052	526.90	1
3053	5237	1
3054	521.64	1
3055	521.24	1
3056	521	1
3057	519	1
3058	518.89	1
3059	518.51	1
3060	518	1
3061	516.17	1
3062	516	1
3063	515	1
3064	513	1
3065	512.64	1
3066	512	1
3067	511622199702259416	1
3068	511	1
3069	510031	1
3070	509.4	1
3071	507.89	1
3072	507.83	1
3073	507.04	1
3074	506.00	1
3075	504.49	1
3076	504.08	1
3077	503.68	1
3078	503.46	1
3079	502.89	1
3080	502.70	1
3081	502.45	1
3082	501.99	1
3083	501.37	1
3084	501.06	1
3085	500MB	1
3086	500.60	1
3087	500.45	1
3088	500.40	1
3089	500.02	1
3090	50.40	1
3091	5.93	1
3092	5.86	1
3093	5.63	1
3094	5.62	1
3095	5.59	1
3096	5.5	1
3097	5.32	1
3098	5.21	1
3099	5.06	1
3100	5.03	1
3101	5.00	1
3102	5.0	1
3103	4G947	1
3104	4G8	1
3105	4G755	1
3106	4G585	1
3107	4G432	1
3108	4G17	1
3109	49GEBRO	1
3110	499.24	1
3111	495903	1
3112	494122	1
3113	4934	1
3114	49.96	1
3115	49.52	1
3116	49.14	1
3117	49.10	1
3118	48WjoHf	1
3119	480639	1
3120	48.25	1
3121	48.1	1
3122	47M	1
3123	477.8	1
3124	472.00	1
3125	47.02	1
3126	463	1
3127	460022082779766	1
3128	46.24	1
3129	46.19	1
3130	46.14	1
3131	455216	1
3132	45.55	1
3133	449.44	1
3134	447	1
3135	443333	1
3136	442268	1
3137	442.86	1
3138	44.92	1
3139	44.14	1
3140	43M	1
3141	433.54	1
3142	43.98	1
3143	43.87	1
3144	43.78	1
3145	428168	1
3146	425637	1
3147	421.08	1
3148	42.32	1
3149	41M	1
3150	416.66	1
3151	4131	1
3152	412.6	1
3153	412.51	1
3154	41.66	1
3155	40M	1
3156	40G	1
3157	401MB526KB	1
3158	4008308100	1
3159	400655806	1
3160	4000350236	1
3161	400	1
3162	40.97	1
3163	40.86	1
3164	40.60	1
3165	40.36	1
3166	4.97	1
3167	4.85	1
3168	4.68	1
3169	4.66	1
3170	4.40	1
3171	4.36	1
3172	4.31	1
3173	4.26	1
3174	4.15	1
3175	4.08	1
3176	4.02	1
3177	3G872	1
3178	3G623	1
3179	3G539	1
3180	3G443	1
3181	3G4	1
3182	3G288	1
3183	39M	1
3184	395405	1
3185	391.53	1
3186	39.66	1
3187	39.18	1
3188	382.20	1
3189	380	1
3190	38.60	1
3191	37M	1
3192	3783	1
3193	37.80	1
3194	37.47	1
3195	36MB	1
3196	36M	1
3197	36.75	1
3198	35G	1
3199	34M	1
3200	343596	1
3201	343407	1
3202	34213	1
3203	34212	1
3204	34211	1
3205	341MB	1
3206	340501	1
3207	34.52	1
3208	34.35	1
3209	33M	1
3210	338522	1
3211	3349	1
3212	334.50	1
3213	333.2	1
3214	331	1
3215	33.52	1
3216	33.48	1
3217	33.2	1
3218	32M	1
3219	329.13	1
3220	327066	1
3221	327	1
3222	326422	1
3223	326.58	1
3224	325.06	1
3225	325.0	1
3226	317781	1
3227	31.51	1
3228	308	1
3229	306.6	1
3230	3056	1
3231	3054	1
3232	3053	1
3233	304.08	1
3234	3011	1
3235	300MB	1
3236	3000M	1
3237	300.02	1
3238	300.00	1
3239	30.0	1
3240	3.99	1
3241	3.92	1
3242	3.59	1
3243	3.56	1
3244	3.54	1
3245	3.35	1
3246	3.32	1
3247	3.26	1
3248	3.25	1
3249	3.21	1
3250	3.18	1
3251	3.14	1
3252	3.04	1
3253	2GB99MB520KB	1
3254	2GB500MB	1
3255	2GB28	1
3256	2GB23	1
3257	2G979	1
3258	2G863	1
3259	2G556	1
3260	2G30	1
3261	2G259	1
3262	2G1019	1
3263	298.89	1
3264	296343	1
3265	2912MB401KB	1
3266	29.36	1
3267	29.13	1
3268	29.07	1
3269	28M	1
3270	287.65	1
3271	28537.68	1
3272	28.93	1
3273	28.56	1
3274	28.00	1
3275	27M	1
3276	2769	1
3277	2764.80	1
3278	276091	1
3279	276.32	1
3280	274878	1
3281	271.11	1
3282	27.98	1
3283	27.33	1
3284	269256	1
3285	269.61	1
3286	269.02	1
3287	267.02	1
3288	260.09	1
3289	25M	1
3290	25GB	1
3291	2580.12	1
3292	258.64	1
3293	2555.78	1
3294	25520.78	1
3295	254.16	1
3296	2510MB899KB	1
3297	2501.29	1
3298	25.00	1
3299	249.7	1
3300	2447.51	1
3301	2446.02	1
3302	243MB381KB	1
3303	2432.88	1
3304	2432	1
3305	242.00	1
3306	241.66	1
3307	240.7	1
3308	240	1
3309	24.14	1
3310	23M	1
3311	235.15	1
3312	235.0	1
3313	232.00	1
3314	230	1
3315	23.72	1
3316	229423	1
3317	226	1
3318	2258.86	1
3319	225581	1
3320	224814	1
3321	22.70	1
3322	22.34	1
3323	217.22	1
3324	216.46	1
3325	2126.25	1
3326	212.35	1
3327	20MB	1
3328	208.9	1
3329	203	1
3330	2024M	1
3331	2018	1
3332	201706	1
3333	2016	1
3334	200MB	1
3335	200685	1
3336	2003.32	1
3337	2000000M	1
3338	2000	1
3339	20.67	1
3340	20.60	1
3341	2.99	1
3342	2.68	1
3343	2.61	1
3344	2.47	1
3345	2.40	1
3346	2.31	1
3347	2.17	1
3348	2.119	1
3349	2.082	1
3350	1XHe	1
3351	1HR1EX	1
3352	1GB3	1
3353	1GB224	1
3354	1GB200	1
3355	1G787	1
3356	1G688	1
3357	1G646	1
3358	1G627	1
3359	1G565	1
3360	1G322	1
3361	1G214	1
3362	1G134	1
3363	1Download	1
3364	197.99	1
3365	196	1
3366	195954	1
3367	1954	1
3368	193.43	1
3369	193	1
3370	191.11	1
3371	191	1
3372	1900	1
3373	19.86	1
3374	19.82	1
3375	19.48	1
3376	19.40	1
3377	19.38	1
3378	19.37	1
3379	19.07	1
3380	19.06	1
3381	19.0	1
3382	18843149896	1
3383	18843113336	1
3384	187	1
3385	18603441866	1
3386	184.25	1
3387	183.25	1
3388	182.05	1
3389	182	1
3390	18000527136	1
3391	180	1
3392	18.91	1
3393	18.88	1
3394	18.82	1
3395	18.81	1
3396	18.79	1
3397	18.20	1
3398	17897889810	1
3399	178.97	1
3400	174.94	1
3401	174.87	1
3402	173226	1
3403	173	1
3404	171716	1
3405	1700M	1
3406	17.98	1
3407	17.42	1
3408	17.37	1
3409	16MB	1
3410	169.42	1
3411	1682.58	1
3412	168.21	1
3413	166	1
3414	1634.38	1
3415	161343	1
3416	1607.62	1
3417	1606.65	1
3418	1602.44	1
3419	16.94	1
3420	16.87	1
3421	16.75	1
3422	16.53	1
3423	16.50	1
3424	16.03	1
3425	15M	1
3426	15G622	1
3427	15G560	1
3428	15G133	1
3429	159478	1
3430	15841109561	1
3431	1575.81	1
3432	154.81	1
3433	154.25	1
3434	153.2	1
3435	15281099207	1
3436	151.60	1
3437	151	1
3438	1505.70	1
3439	1502.99	1
3440	1501.22	1
3441	1500	1
3442	150.90	1
3443	150.15	1
3444	15.7	1
3445	15.36	1
3446	14M	1
3447	14G928	1
3448	14G522	1
3449	14G501	1
3450	14G366	1
3451	14G362	1
3452	14G324	1
3453	149.89	1
3454	149.14	1
3455	14860.00	1
3456	14826.48	1
3457	14796.40	1
3458	14673920	1
3459	146681	1
3460	143563	1
3461	143.33	1
3462	142450	1
3463	142.3	1
3464	14087	1
3465	14.96	1
3466	14.91	1
3467	14.74	1
3468	14.40	1
3469	14.00	1
3470	13G981	1
3471	13G743	1
3472	13G686	1
3473	13G681	1
3474	13G555	1
3475	13G461	1
3476	13G179	1
3477	13888888888	1
3478	138	1
3479	13795769643	1
3480	13756198854	1
3481	13639074748	1
3482	13630761497	1
3483	13624256005	1
3484	136.08	1
3485	13596075848	1
3486	13591155156	1
3487	13555931779	1
3488	13114620426	1
3489	130261	1
3490	130	1
3491	13.86	1
3492	13.85	1
3493	13.46	1
3494	13.30	1
3495	13.25	1
3496	12M	1
3497	12GB51MB	1
3498	12G732	1
3499	12G568	1
3500	12G528	1
3501	1286.06	1
3502	128.8	1
3503	128	1
3504	12601	1
3505	12583	1
3506	12427.12	1
3507	12345	1
3508	12339	1
3509	123.83	1
3510	123.77	1
3511	123.61	1
3512	123.46	1
3513	123.21	1
3514	12119	1
3515	1210	1
3516	120	1
3517	12.97	1
3518	12.93	1
3519	12.92	1
3520	12.91	1
3521	12.90	1
3522	12.88	1
3523	12.61	1
3524	12.38	1
3525	12.17	1
3526	11M	1
3527	11GB984MB	1
3528	11GB519MB	1
3529	11GB290MB	1
3530	11G986	1
3531	11G702	1
3532	11G577	1
3533	11G487	1
3534	11G403	1
3535	11G293	1
3536	11G245	1
3537	11G237	1
3538	119.9	1
3539	1181148	1
3540	1164.83	1
3541	116	1
3542	114.2	1
3543	114	1
3544	113396	1
3545	113.52	1
3546	1123	1
3547	112.38	1
3548	111.83	1
3549	110631	1
3550	11.92	1
3551	11.90	1
3552	11.66	1
3553	11.24	1
3554	11.23	1
3555	10GB319MB	1
3556	10GB	1
3557	10G962	1
3558	10G855	1
3559	10G600	1
3560	10G541	1
3561	10G517	1
3562	10999201704021238540627474946341	1
3563	10999201704011908298967165827680	1
3564	10999201703201313337022906634028	1
3565	10999201703150639575065042117975	1
3566	108.29	1
3567	1071	1
3568	1065899967000	1
3569	10658830	1
3570	10658365	1
3571	10658258	1
3572	10658211	1
3573	106559970	1
3574	1065599001	1
3575	106558866	1
3576	106557216	1
3577	10655462	1
3578	106551588	1
3579	106551581	1
3580	10655158	1
3581	10655118	1
3582	106550010010	1
3583	1063.27	1
3584	106.45	1
3585	1055	1
3586	1051	1
3587	104.15	1
3588	1038	1
3589	1030	1
3590	1014.49	1
3591	1010.66	1
3592	10086sjb	1
3593	10086611	1
3594	10086500	1
3595	10086119	1
3596	10086015	1
3597	10086009	1
3598	10086000	1
3599	1008.88	1
3600	1005.99	1
3601	1005.02	1
3602	1004.55	1
3603	1003.12	1
3604	10011	1
3605	1001016	1
3606	1001012	1
3607	1001011	1
3608	10010011	1
3609	1001.61	1
3610	1001.51	1
3611	10006	1
3612	10002368342882	1
3613	10002366129102	1
3614	10002349187758	1
3615	10002343365222	1
3616	10001888	1
3617	10000	1
3618	1000.96	1
3619	100.35	1
3620	100.04	1
3621	10.99	1
3622	10.64	1
3623	10.6	1
3624	10.38	1
3625	10.15	1
3626	10.09	1
3627	10.08	1
3628	10.01	1
3629	1.999	1
3630	1.87	1
3631	1.77	1
3632	1.69	1
3633	1.59	1
3634	1.552	1
3635	1.533	1
3636	1.53	1
3637	1.496	1
3638	1.44	1
3639	1.413	1
3640	1.34	1
3641	1.296	1
3642	1.284	1
3643	1.273	1
3644	1.25	1
3645	1.22	1
3646	1.096	1
3647	1.053	1
3648	0vwI7j8bR	1
3649	0tK7IkXSG	1
3650	0MIrcK3xCb	1
3651	0MInOm	1
3652	09M	1
3653	090000001676	1
3654	077	1
3655	058423	1
3656	053558	1
3657	050UD	1
3658	046122	1
3659	043188906591	1
3660	043188904957	1
3661	040UE	1
3662	03eie	1
3663	03U2o	1
3664	03PMD	1
3665	03514061579	1
3666	015557	1
3667	0140012	1
3668	014	1
3669	00MB	1
3670	00M	1
3671	009109	1
3672	0.94	1
3673	0.81	1
3674	0.34	1
3675	0.20	1
3676	0.18	1
3677	0.15	1
3678	0.02	1
3679	0.01	1
